1 810 470
2 1040 430
3 420 340
4 1390 280
5 790 150
6 580 270
7 420 525
8 1310 140
9 230 450
10 190 250
11 380 207
12 1230 310
13 1340 370
14 491 200
15 355 460
16 290 240
17 130 240
18 640 180
19 740 170
20 300 460
21 1200 400
22 90 140
23 1090 370
24 1070 260
25 1280 260
26 450 250
27 970 500
28 1050 180
29 1120 210
30 1453 475
31 880 560
32 440 460
33 730 520
34 310 133
35 150 383
36 1400 225
37 660 70
38 840 340
39 160 90
40 700 280
41 368 135
42 570 400
43 330 280
44 1010 400
45 220 340
46 940 410
47 1230 480
48 260 520
49 1300 330
50 740 340
51 740 410
52 980 170
53 1260 130
54 410 150
55 840 100
56 1330 420
57 750 100
58 950 290
59 150 140
60 870 200
61 1170 165
62 1130 300
63 1100 480
64 330 365
65 1480 360
66 790 280
67 520 125
68 680 380
69 1190 200
70 620 490
71 675 230
72 1275 420
73 1375 465
74 560 90
75 1390 150
76 1468 240
77 310 172
78 580 110
79 950 550
80 855 475
81 460 160