1,31,80,46,38,51,33
2,63,21,44,46,27
3,32,42,26,43,64,20,15
4,65,76,36,25,49,13
5,66,60,55,19
6,42,68,40,71,18,14,26
7,33,70,42,32,15,48
8,53,25,75
9,48,20,45,35
10,35,45,43,16,17
11,43,26,14,54,16
12,21,49,25,24,62,23
13,56,65,04,49,72
14,26,06,18,67,81,54,11
15,48,07,32,03,20
16,10,43,11,54,41,77
17,10,59,22
18,06,71,19,37,67,14,78
19,66,05,55,57,37,18,71
20,48,15,03,64,45,09
21,63,47,72,49,12,23,44,02
22,17,59
23,21,12,62,24,44
24,23,62,12,25,69,29,28,58,44
25,12,49,04,36,75,08,53,69,24
26,03,42,06,14,11,43
27,79,63,02,46,80,31
28,29,61,24,58,52
29,24,69,61,28
30,65,73
31,79,27,80,01
32,07,42,03,15
33,01,51,42,70,07
34,41,59,39
35,09,45,10
36,04,76,75,25
37,19,57,18,74,78
38,01,46,58,66,50,51
39,22,59,34
40,50,66,71,06,68
41,77,34,16,11,54
42,07,70,33,51,68,06,26,03,32
43,45,64,03,26,11,16,10
44,46,02,21,23,24,58
45,35,09,20,64,43,10
46,27,02,44,58,38,01,80
47,63,21,72,56,73
48,07,15,20,09
49,21,72,13,04,25,12
50,51,38,66,40,68
51,50,38,01,33,42,68
52,55,60,58,28
53,08,25,69,61
54,81,14,11,16,41
55,52,60,05,19,57
56,65,13,72,47,73
57,55,19,37
58,38,46,44,24,28,52,60,66
59,34,39,22,17
60,58,52,55,05,66
61,53,69,29,28
62,23,12,24
63,27,02,21,47
64,45,20,03,43
65,30,73,56,13,04
66,38,58,60,05,19,71,40,50
67,74,18,14,81,78
68,51,50,40,06,42
69,24,25,53,61,29
70,33,42,07
71,40,66,19,18,06
72,47,56,13,49,21
73,47,56,65,30
74,37,67,78
75,36,25,08
76,04,36
77,41,16
78,67,74,37,18
79,27,31
80,27,46,01,31
81,67,14,54